PEN_UP
MOVE 105.00 65.71 60.00
PEN_DOWN
MOVE 78.76 130.86 35.00
MOVE 78.76 137.19 35.00
MOVE 79.67 138.10 35.00
MOVE 88.71 138.10 35.00
MOVE 89.62 139.00 35.00
MOVE 88.71 149.86 35.00
MOVE 87.81 150.76 35.00
MOVE 88.71 169.76 35.00
MOVE 93.24 184.24 35.00
MOVE 99.57 191.48 35.00
MOVE 105.00 191.48 35.00
MOVE 109.52 187.86 35.00
MOVE 114.95 174.29 35.00
MOVE 116.76 158.00 35.00
MOVE 117.67 157.10 35.00
MOVE 129.43 157.10 35.00
MOVE 129.43 154.38 35.00
MOVE 130.33 153.48 35.00
MOVE 130.33 99.19 35.00
MOVE 129.43 96.48 35.00
MOVE 109.52 96.48 35.00
MOVE 107.71 94.67 35.00
MOVE 107.71 69.33 35.00
MOVE 106.81 66.62 35.00
MOVE 105.90 66.62 35.00
PEN_UP
MOVE 104.10 67.52 60.00
PEN_DOWN
MOVE 105.90 66.62 35.00
MOVE 107.71 69.33 35.00
MOVE 107.71 95.57 35.00
MOVE 109.52 96.48 35.00
MOVE 128.52 96.48 35.00
MOVE 130.33 99.19 35.00
MOVE 130.33 153.48 35.00
MOVE 128.52 157.10 35.00
MOVE 116.76 157.10 35.00
MOVE 115.86 169.76 35.00
MOVE 112.24 182.43 35.00
MOVE 105.90 190.57 35.00
MOVE 100.48 191.48 35.00
MOVE 94.14 185.14 35.00
MOVE 89.62 174.29 35.00
MOVE 88.71 163.43 35.00
MOVE 87.81 162.52 35.00
MOVE 87.81 150.76 35.00
MOVE 88.71 149.86 35.00
MOVE 89.62 138.10 35.00
MOVE 80.57 138.10 35.00
MOVE 78.76 136.29 35.00
MOVE 78.76 130.86 35.00
MOVE 95.95 89.24 35.00
MOVE 96.86 84.71 35.00
MOVE 98.67 82.00 35.00
MOVE 102.29 71.14 35.00
MOVE 104.10 68.43 35.00
PEN_UP
MOVE 104.10 73.86 60.00
PEN_DOWN
MOVE 104.10 74.76 35.00
MOVE 103.19 75.67 35.00
MOVE 103.19 77.48 35.00
MOVE 102.29 78.38 35.00
MOVE 102.29 80.19 35.00
MOVE 100.48 82.90 35.00
MOVE 100.48 84.71 35.00
MOVE 98.67 87.43 35.00
MOVE 98.67 89.24 35.00
MOVE 96.86 91.95 35.00
MOVE 96.86 93.76 35.00
MOVE 95.05 96.48 35.00
MOVE 95.05 98.29 35.00
MOVE 93.24 101.00 35.00
MOVE 93.24 102.81 35.00
MOVE 91.43 105.52 35.00
MOVE 91.43 107.33 35.00
MOVE 89.62 110.05 35.00
MOVE 89.62 111.86 35.00
MOVE 87.81 114.57 35.00
MOVE 87.81 116.38 35.00
MOVE 86.00 119.10 35.00
MOVE 86.00 120.90 35.00
MOVE 85.10 121.81 35.00
MOVE 85.10 122.71 35.00
MOVE 84.19 123.62 35.00
MOVE 84.19 125.43 35.00
MOVE 82.38 128.14 35.00
MOVE 82.38 129.95 35.00
MOVE 81.48 130.86 35.00
MOVE 81.48 133.57 35.00
MOVE 91.43 133.57 35.00
MOVE 92.33 132.67 35.00
MOVE 92.33 131.76 35.00
MOVE 93.24 130.86 35.00
MOVE 94.14 128.14 35.00
MOVE 95.95 126.33 35.00
MOVE 95.95 125.43 35.00
MOVE 98.67 122.71 35.00
MOVE 99.57 122.71 35.00
MOVE 100.48 121.81 35.00
MOVE 105.00 121.81 35.00
MOVE 105.00 101.00 35.00
MOVE 105.90 100.10 35.00
MOVE 105.90 96.48 35.00
MOVE 105.00 95.57 35.00
MOVE 105.00 76.57 35.00
MOVE 105.90 75.67 35.00
MOVE 105.90 73.86 35.00
MOVE 105.90 75.67 35.00
MOVE 105.00 76.57 35.00
MOVE 104.10 75.67 35.00
MOVE 104.10 74.76 35.00
PEN_UP
MOVE 103.19 76.57 60.00
PEN_DOWN
MOVE 104.10 75.67 35.00
MOVE 105.00 76.57 35.00
MOVE 105.00 95.57 35.00
MOVE 105.90 96.48 35.00
MOVE 105.90 100.10 35.00
MOVE 105.00 101.00 35.00
MOVE 105.00 120.90 35.00
MOVE 104.10 121.81 35.00
MOVE 99.57 121.81 35.00
MOVE 98.67 122.71 35.00
MOVE 97.76 122.71 35.00
MOVE 94.14 127.24 35.00
MOVE 94.14 128.14 35.00
MOVE 93.24 129.05 35.00
MOVE 93.24 130.86 35.00
MOVE 90.52 133.57 35.00
MOVE 82.38 133.57 35.00
MOVE 81.48 132.67 35.00
MOVE 81.48 130.86 35.00
MOVE 82.38 129.95 35.00
MOVE 82.38 128.14 35.00
MOVE 84.19 125.43 35.00
MOVE 84.19 123.62 35.00
MOVE 86.00 120.90 35.00
MOVE 86.00 119.10 35.00
MOVE 87.81 116.38 35.00
MOVE 87.81 114.57 35.00
MOVE 89.62 111.86 35.00
MOVE 89.62 110.05 35.00
MOVE 91.43 107.33 35.00
MOVE 91.43 105.52 35.00
MOVE 93.24 102.81 35.00
MOVE 93.24 101.00 35.00
MOVE 95.05 98.29 35.00
MOVE 95.05 96.48 35.00
MOVE 96.86 93.76 35.00
MOVE 96.86 91.95 35.00
MOVE 98.67 89.24 35.00
MOVE 98.67 87.43 35.00
MOVE 100.48 84.71 35.00
MOVE 100.48 82.90 35.00
MOVE 101.38 82.00 35.00
MOVE 101.38 81.10 35.00
MOVE 102.29 80.19 35.00
MOVE 102.29 78.38 35.00
MOVE 103.19 77.48 35.00
PEN_UP
MOVE 107.71 101.00 60.00
PEN_DOWN
MOVE 107.71 124.52 35.00
MOVE 109.52 126.33 35.00
MOVE 109.52 127.24 35.00
MOVE 110.43 128.14 35.00
MOVE 110.43 129.05 35.00
MOVE 112.24 130.86 35.00
MOVE 112.24 131.76 35.00
MOVE 113.14 132.67 35.00
MOVE 113.14 134.48 35.00
MOVE 114.05 135.38 35.00
MOVE 114.05 138.10 35.00
MOVE 114.95 139.00 35.00
MOVE 114.95 142.62 35.00
MOVE 115.86 143.52 35.00
MOVE 115.86 148.95 35.00
MOVE 116.76 149.86 35.00
MOVE 116.76 152.57 35.00
MOVE 127.62 152.57 35.00
MOVE 127.62 101.00 35.00
MOVE 108.62 101.00 35.00
PEN_UP
MOVE 107.71 101.90 60.00
PEN_DOWN
MOVE 108.62 101.00 35.00
MOVE 126.71 101.00 35.00
MOVE 127.62 101.90 35.00
MOVE 127.62 151.67 35.00
MOVE 126.71 152.57 35.00
MOVE 117.67 152.57 35.00
MOVE 116.76 151.67 35.00
MOVE 116.76 149.86 35.00
MOVE 115.86 148.95 35.00
MOVE 115.86 143.52 35.00
MOVE 114.95 142.62 35.00
MOVE 114.95 139.00 35.00
MOVE 114.05 138.10 35.00
MOVE 114.05 135.38 35.00
MOVE 113.14 134.48 35.00
MOVE 113.14 132.67 35.00
MOVE 112.24 131.76 35.00
MOVE 112.24 130.86 35.00
MOVE 111.33 129.95 35.00
MOVE 111.33 129.05 35.00
MOVE 110.43 128.14 35.00
MOVE 110.43 127.24 35.00
MOVE 109.52 126.33 35.00
MOVE 109.52 125.43 35.00
MOVE 107.71 123.62 35.00
MOVE 107.71 102.81 35.00
PEN_UP
MOVE 100.48 126.33 60.00
PEN_DOWN
MOVE 105.00 126.33 35.00
MOVE 105.90 127.24 35.00
MOVE 106.81 127.24 35.00
MOVE 107.71 128.14 35.00
MOVE 107.71 129.05 35.00
MOVE 109.52 130.86 35.00
MOVE 109.52 131.76 35.00
MOVE 110.43 132.67 35.00
MOVE 110.43 134.48 35.00
MOVE 111.33 135.38 35.00
MOVE 111.33 137.19 35.00
MOVE 112.24 138.10 35.00
MOVE 112.24 141.71 35.00
MOVE 113.14 142.62 35.00
MOVE 113.14 147.14 35.00
MOVE 114.05 148.05 35.00
MOVE 114.05 166.14 35.00
MOVE 113.14 167.05 35.00
MOVE 113.14 171.57 35.00
MOVE 112.24 172.48 35.00
MOVE 112.24 175.19 35.00
MOVE 111.33 176.10 35.00
MOVE 111.33 177.90 35.00
MOVE 110.43 178.81 35.00
MOVE 110.43 180.62 35.00
MOVE 108.62 182.43 35.00
MOVE 108.62 183.33 35.00
MOVE 105.00 186.95 35.00
MOVE 99.57 186.95 35.00
MOVE 95.95 183.33 35.00
MOVE 95.05 180.62 35.00
MOVE 94.14 179.71 35.00
MOVE 94.14 177.90 35.00
MOVE 93.24 177.00 35.00
MOVE 93.24 175.19 35.00
MOVE 92.33 174.29 35.00
MOVE 92.33 171.57 35.00
MOVE 91.43 170.67 35.00
MOVE 91.43 166.14 35.00
MOVE 90.52 165.24 35.00
MOVE 90.52 148.05 35.00
MOVE 91.43 147.14 35.00
MOVE 91.43 142.62 35.00
MOVE 92.33 141.71 35.00
MOVE 92.33 138.10 35.00
MOVE 93.24 137.19 35.00
MOVE 93.24 135.38 35.00
MOVE 95.05 132.67 35.00
MOVE 95.05 131.76 35.00
MOVE 95.95 130.86 35.00
MOVE 95.95 129.95 35.00
MOVE 99.57 126.33 35.00
PEN_UP
MOVE 99.57 127.24 60.00
PEN_DOWN
MOVE 100.48 126.33 35.00
MOVE 104.10 126.33 35.00
MOVE 105.00 127.24 35.00
MOVE 105.90 127.24 35.00
MOVE 107.71 129.05 35.00
MOVE 107.71 129.95 35.00
MOVE 109.52 131.76 35.00
MOVE 109.52 132.67 35.00
MOVE 111.33 135.38 35.00
MOVE 111.33 137.19 35.00
MOVE 112.24 138.10 35.00
MOVE 112.24 141.71 35.00
MOVE 113.14 142.62 35.00
MOVE 113.14 147.14 35.00
MOVE 114.05 148.05 35.00
MOVE 114.05 166.14 35.00
MOVE 113.14 167.05 35.00
MOVE 113.14 171.57 35.00
MOVE 112.24 172.48 35.00
MOVE 112.24 175.19 35.00
MOVE 111.33 176.10 35.00
MOVE 111.33 177.90 35.00
MOVE 110.43 178.81 35.00
MOVE 110.43 179.71 35.00
MOVE 108.62 181.52 35.00
MOVE 108.62 182.43 35.00
MOVE 104.10 186.95 35.00
MOVE 100.48 186.95 35.00
MOVE 95.95 182.43 35.00
MOVE 95.95 181.52 35.00
MOVE 95.05 180.62 35.00
MOVE 95.05 179.71 35.00
MOVE 93.24 177.00 35.00
MOVE 93.24 175.19 35.00
MOVE 92.33 174.29 35.00
MOVE 92.33 171.57 35.00
MOVE 91.43 170.67 35.00
MOVE 91.43 166.14 35.00
MOVE 90.52 165.24 35.00
MOVE 90.52 148.05 35.00
MOVE 91.43 147.14 35.00
MOVE 91.43 142.62 35.00
MOVE 92.33 141.71 35.00
MOVE 92.33 138.10 35.00
MOVE 93.24 137.19 35.00
MOVE 93.24 135.38 35.00
MOVE 95.05 133.57 35.00
MOVE 95.95 130.86 35.00
MOVE 98.67 128.14 35.00
PEN_UP
MOVE 98.67 208.67 60.00
PEN_DOWN
MOVE 97.76 209.57 35.00
MOVE 96.86 209.57 35.00
MOVE 96.86 211.38 35.00
MOVE 95.95 212.29 35.00
MOVE 95.95 215.90 35.00
MOVE 96.86 216.81 35.00
MOVE 96.86 217.71 35.00
MOVE 99.57 220.43 35.00
MOVE 99.57 223.14 35.00
MOVE 98.67 224.05 35.00
MOVE 96.86 224.05 35.00
MOVE 95.95 224.95 35.00
MOVE 97.76 226.76 35.00
MOVE 100.48 226.76 35.00
MOVE 101.38 225.86 35.00
MOVE 101.38 224.05 35.00
MOVE 101.38 224.95 35.00
MOVE 99.57 226.76 35.00
MOVE 98.67 226.76 35.00
MOVE 95.95 224.95 35.00
MOVE 96.86 224.05 35.00
MOVE 99.57 224.05 35.00
MOVE 99.57 219.52 35.00
MOVE 98.67 218.62 35.00
MOVE 97.76 218.62 35.00
MOVE 95.95 215.90 35.00
MOVE 95.95 212.29 35.00
MOVE 96.86 211.38 35.00
MOVE 96.86 210.48 35.00
MOVE 98.67 208.67 35.00
MOVE 99.57 208.67 35.00
MOVE 101.38 210.48 35.00
MOVE 98.67 212.29 35.00
MOVE 97.76 215.00 35.00
MOVE 98.67 215.90 35.00
MOVE 98.67 216.81 35.00
MOVE 99.57 216.81 35.00
MOVE 101.38 218.62 35.00
MOVE 101.38 219.52 35.00
MOVE 100.48 216.81 35.00
MOVE 99.57 216.81 35.00
MOVE 97.76 214.10 35.00
MOVE 98.67 213.19 35.00
MOVE 98.67 212.29 35.00
MOVE 99.57 211.38 35.00
MOVE 101.38 211.38 35.00
MOVE 101.38 210.48 35.00
MOVE 102.29 209.57 35.00
MOVE 103.19 210.48 35.00
MOVE 104.10 209.57 35.00
MOVE 105.00 210.48 35.00
MOVE 105.00 215.90 35.00
MOVE 105.90 216.81 35.00
MOVE 106.81 215.90 35.00
MOVE 107.71 215.90 35.00
MOVE 107.71 210.48 35.00
MOVE 108.62 209.57 35.00
MOVE 109.52 210.48 35.00
MOVE 109.52 217.71 35.00
MOVE 108.62 218.62 35.00
MOVE 109.52 219.52 35.00
MOVE 109.52 221.33 35.00
MOVE 109.52 208.67 35.00
MOVE 108.62 209.57 35.00
MOVE 107.71 208.67 35.00
MOVE 107.71 215.00 35.00
MOVE 105.90 216.81 35.00
MOVE 105.00 215.90 35.00
MOVE 105.00 209.57 35.00
MOVE 101.38 209.57 35.00
MOVE 100.48 208.67 35.00
MOVE 99.57 208.67 35.00
PEN_UP
MOVE 102.29 213.19 60.00
PEN_DOWN
MOVE 102.29 215.00 35.00
MOVE 103.19 215.90 35.00
MOVE 103.19 219.52 35.00
MOVE 104.10 218.62 35.00
MOVE 105.00 219.52 35.00
MOVE 105.00 224.95 35.00
MOVE 104.10 225.86 35.00
MOVE 103.19 225.86 35.00
MOVE 104.10 226.76 35.00
MOVE 105.00 225.86 35.00
MOVE 105.00 219.52 35.00
MOVE 105.90 218.62 35.00
MOVE 106.81 218.62 35.00
MOVE 105.90 218.62 35.00
MOVE 105.00 219.52 35.00
MOVE 103.19 217.71 35.00
MOVE 103.19 215.90 35.00
MOVE 102.29 215.00 35.00
MOVE 102.29 214.10 35.00
PEN_UP
MOVE 112.24 211.38 60.00
PEN_DOWN
MOVE 112.24 215.00 35.00
MOVE 111.33 215.90 35.00
MOVE 111.33 222.24 35.00
MOVE 112.24 223.14 35.00
MOVE 113.14 222.24 35.00
MOVE 114.05 222.24 35.00
MOVE 114.95 223.14 35.00
MOVE 116.76 221.33 35.00
MOVE 115.86 220.43 35.00
MOVE 115.86 219.52 35.00
MOVE 116.76 218.62 35.00
MOVE 116.76 217.71 35.00
MOVE 115.86 216.81 35.00
MOVE 115.86 213.19 35.00
MOVE 114.95 212.29 35.00
MOVE 114.95 210.48 35.00
MOVE 114.05 209.57 35.00
MOVE 113.14 210.48 35.00
PEN_UP
MOVE 113.14 209.57 60.00
PEN_DOWN
MOVE 112.24 211.38 35.00
MOVE 112.24 215.00 35.00
MOVE 111.33 215.90 35.00
MOVE 111.33 222.24 35.00
MOVE 110.43 223.14 35.00
MOVE 110.43 224.05 35.00
MOVE 111.33 222.24 35.00
MOVE 112.24 223.14 35.00
MOVE 112.24 224.95 35.00
MOVE 110.43 226.76 35.00
MOVE 108.62 226.76 35.00
MOVE 107.71 225.86 35.00
MOVE 107.71 220.43 35.00
MOVE 107.71 226.76 35.00
MOVE 111.33 226.76 35.00
MOVE 112.24 225.86 35.00
MOVE 112.24 224.05 35.00
MOVE 114.05 222.24 35.00
MOVE 115.86 224.95 35.00
MOVE 115.86 226.76 35.00
MOVE 117.67 226.76 35.00
MOVE 118.57 225.86 35.00
MOVE 119.48 226.76 35.00
MOVE 123.10 226.76 35.00
MOVE 125.81 224.05 35.00
MOVE 128.52 226.76 35.00
MOVE 131.24 226.76 35.00
MOVE 133.95 223.14 35.00
MOVE 133.95 214.10 35.00
MOVE 134.86 213.19 35.00
MOVE 134.86 210.48 35.00
MOVE 135.76 209.57 35.00
MOVE 136.67 210.48 35.00
MOVE 135.76 223.14 35.00
MOVE 136.67 224.05 35.00
MOVE 136.67 226.76 35.00
MOVE 138.48 226.76 35.00
MOVE 138.48 220.43 35.00
MOVE 137.57 219.52 35.00
MOVE 138.48 220.43 35.00
MOVE 138.48 225.86 35.00
MOVE 137.57 226.76 35.00
MOVE 135.76 223.14 35.00
MOVE 135.76 217.71 35.00
MOVE 137.57 215.00 35.00
MOVE 138.48 215.90 35.00
MOVE 138.48 217.71 35.00
MOVE 138.48 211.38 35.00
MOVE 140.29 209.57 35.00
MOVE 141.19 210.48 35.00
MOVE 141.19 216.81 35.00
MOVE 141.19 209.57 35.00
MOVE 139.38 209.57 35.00
MOVE 138.48 211.38 35.00
MOVE 138.48 214.10 35.00
MOVE 137.57 215.00 35.00
MOVE 136.67 214.10 35.00
MOVE 136.67 209.57 35.00
MOVE 134.86 209.57 35.00
MOVE 134.86 213.19 35.00
MOVE 133.95 214.10 35.00
MOVE 133.95 223.14 35.00
MOVE 130.33 226.76 35.00
MOVE 129.43 226.76 35.00
MOVE 126.71 224.05 35.00
MOVE 126.71 222.24 35.00
MOVE 125.81 224.05 35.00
MOVE 124.90 222.24 35.00
MOVE 124.90 224.05 35.00
MOVE 122.19 226.76 35.00
MOVE 120.38 226.76 35.00
MOVE 119.48 225.86 35.00
MOVE 116.76 226.76 35.00
MOVE 115.86 225.86 35.00
MOVE 114.95 223.14 35.00
MOVE 116.76 222.24 35.00
MOVE 116.76 217.71 35.00
MOVE 115.86 216.81 35.00
MOVE 114.95 209.57 35.00
MOVE 114.05 209.57 35.00
PEN_UP
MOVE 120.38 208.67 60.00
PEN_DOWN
MOVE 119.48 209.57 35.00
MOVE 118.57 209.57 35.00
MOVE 118.57 213.19 35.00
MOVE 117.67 214.10 35.00
MOVE 117.67 215.90 35.00
MOVE 118.57 216.81 35.00
MOVE 118.57 224.05 35.00
MOVE 118.57 216.81 35.00
MOVE 117.67 215.90 35.00
MOVE 117.67 214.10 35.00
MOVE 118.57 213.19 35.00
MOVE 118.57 210.48 35.00
MOVE 120.38 208.67 35.00
MOVE 121.29 208.67 35.00
MOVE 122.19 209.57 35.00
MOVE 123.10 209.57 35.00
MOVE 124.90 211.38 35.00
MOVE 124.90 214.10 35.00
MOVE 124.90 213.19 35.00
MOVE 125.81 212.29 35.00
MOVE 126.71 213.19 35.00
MOVE 126.71 214.10 35.00
MOVE 126.71 212.29 35.00
MOVE 130.33 208.67 35.00
MOVE 133.05 211.38 35.00
MOVE 133.05 212.29 35.00
MOVE 133.05 210.48 35.00
MOVE 131.24 208.67 35.00
MOVE 130.33 208.67 35.00
MOVE 129.43 209.57 35.00
MOVE 128.52 209.57 35.00
MOVE 125.81 212.29 35.00
MOVE 124.00 210.48 35.00
MOVE 124.00 209.57 35.00
MOVE 122.19 209.57 35.00
MOVE 121.29 208.67 35.00
PEN_UP
MOVE 121.29 211.38 60.00
PEN_DOWN
MOVE 120.38 212.29 35.00
MOVE 120.38 224.05 35.00
MOVE 122.19 224.05 35.00
MOVE 123.10 223.14 35.00
MOVE 123.10 220.43 35.00
MOVE 124.00 219.52 35.00
MOVE 124.00 216.81 35.00
MOVE 123.10 215.90 35.00
MOVE 123.10 213.19 35.00
MOVE 122.19 212.29 35.00
PEN_UP
MOVE 120.38 212.29 60.00
PEN_DOWN
MOVE 121.29 211.38 35.00
MOVE 123.10 213.19 35.00
MOVE 123.10 215.90 35.00
MOVE 124.00 216.81 35.00
MOVE 124.00 219.52 35.00
MOVE 123.10 220.43 35.00
MOVE 123.10 222.24 35.00
MOVE 121.29 224.05 35.00
MOVE 120.38 223.14 35.00
MOVE 120.38 213.19 35.00
PEN_UP
MOVE 128.52 214.10 60.00
PEN_DOWN
MOVE 128.52 215.90 35.00
MOVE 127.62 216.81 35.00
MOVE 127.62 219.52 35.00
MOVE 128.52 220.43 35.00
MOVE 128.52 222.24 35.00
MOVE 130.33 224.05 35.00
MOVE 131.24 223.14 35.00
MOVE 131.24 222.24 35.00
MOVE 132.14 221.33 35.00
MOVE 132.14 215.00 35.00
MOVE 131.24 214.10 35.00
MOVE 131.24 213.19 35.00
MOVE 130.33 212.29 35.00
MOVE 129.43 213.19 35.00
PEN_UP
MOVE 129.43 212.29 60.00
PEN_DOWN
MOVE 128.52 213.19 35.00
MOVE 128.52 215.90 35.00
MOVE 127.62 216.81 35.00
MOVE 127.62 219.52 35.00
MOVE 128.52 220.43 35.00
MOVE 128.52 223.14 35.00
MOVE 129.43 223.14 35.00
MOVE 130.33 224.05 35.00
MOVE 131.24 223.14 35.00
MOVE 131.24 222.24 35.00
MOVE 132.14 221.33 35.00
MOVE 132.14 215.00 35.00
MOVE 131.24 214.10 35.00
MOVE 131.24 212.29 35.00
MOVE 130.33 212.29 35.00
PEN_UP
MOVE 143.90 208.67 60.00
PEN_DOWN
MOVE 143.90 210.48 35.00
MOVE 143.00 211.38 35.00
MOVE 143.00 215.90 35.00
MOVE 143.00 211.38 35.00
MOVE 144.81 209.57 35.00
MOVE 145.71 210.48 35.00
MOVE 145.71 212.29 35.00
MOVE 144.81 213.19 35.00
MOVE 144.81 218.62 35.00
MOVE 143.90 219.52 35.00
MOVE 143.90 224.05 35.00
MOVE 142.10 225.86 35.00
MOVE 141.19 224.95 35.00
MOVE 141.19 220.43 35.00
MOVE 141.19 226.76 35.00
MOVE 142.10 225.86 35.00
MOVE 143.00 226.76 35.00
MOVE 143.00 224.95 35.00
MOVE 143.90 224.05 35.00
MOVE 143.90 219.52 35.00
MOVE 144.81 218.62 35.00
MOVE 144.81 213.19 35.00
MOVE 145.71 212.29 35.00
MOVE 145.71 209.57 35.00
MOVE 144.81 209.57 35.00
PEN_UP
MOVE 90.52 209.57 60.00
PEN_DOWN
MOVE 91.43 209.57 35.00
MOVE 91.43 210.48 35.00
MOVE 92.33 211.38 35.00
MOVE 92.33 212.29 35.00
MOVE 90.52 212.29 35.00
MOVE 89.62 211.38 35.00
MOVE 88.71 212.29 35.00
MOVE 88.71 213.19 35.00
MOVE 87.81 214.10 35.00
MOVE 87.81 222.24 35.00
MOVE 89.62 224.05 35.00
MOVE 90.52 223.14 35.00
MOVE 90.52 217.71 35.00
MOVE 92.33 217.71 35.00
MOVE 92.33 225.86 35.00
MOVE 91.43 225.86 35.00
MOVE 90.52 226.76 35.00
MOVE 87.81 226.76 35.00
MOVE 86.90 225.86 35.00
MOVE 86.90 224.95 35.00
MOVE 86.00 224.05 35.00
MOVE 86.00 222.24 35.00
MOVE 86.00 223.14 35.00
MOVE 86.90 224.05 35.00
MOVE 87.81 223.14 35.00
MOVE 87.81 213.19 35.00
MOVE 89.62 211.38 35.00
MOVE 90.52 212.29 35.00
MOVE 91.43 212.29 35.00
MOVE 92.33 211.38 35.00
MOVE 89.62 208.67 35.00
MOVE 86.00 212.29 35.00
MOVE 86.00 215.00 35.00
MOVE 86.00 211.38 35.00
MOVE 84.19 209.57 35.00
MOVE 83.29 209.57 35.00
MOVE 82.38 210.48 35.00
MOVE 82.38 213.19 35.00
MOVE 82.38 209.57 35.00
MOVE 85.10 209.57 35.00
MOVE 85.10 210.48 35.00
MOVE 86.00 211.38 35.00
MOVE 87.81 209.57 35.00
MOVE 88.71 209.57 35.00
MOVE 89.62 208.67 35.00
PEN_UP
MOVE 90.52 218.62 60.00
PEN_DOWN
MOVE 91.43 217.71 35.00
MOVE 92.33 218.62 35.00
MOVE 92.33 224.95 35.00
MOVE 90.52 226.76 35.00
MOVE 88.71 226.76 35.00
MOVE 86.90 224.95 35.00
MOVE 86.90 224.05 35.00
MOVE 87.81 223.14 35.00
MOVE 88.71 224.05 35.00
MOVE 90.52 224.05 35.00
MOVE 90.52 219.52 35.00
PEN_UP
MOVE 78.76 209.57 60.00
PEN_DOWN
MOVE 79.67 209.57 35.00
MOVE 79.67 211.38 35.00
MOVE 80.57 212.29 35.00
MOVE 80.57 214.10 35.00
MOVE 81.48 215.00 35.00
MOVE 81.48 216.81 35.00
MOVE 83.29 218.62 35.00
MOVE 84.19 217.71 35.00
MOVE 84.19 212.29 35.00
MOVE 84.19 218.62 35.00
MOVE 83.29 219.52 35.00
MOVE 84.19 220.43 35.00
MOVE 84.19 226.76 35.00
MOVE 83.29 225.86 35.00
MOVE 82.38 225.86 35.00
MOVE 82.38 223.14 35.00
MOVE 81.48 222.24 35.00
MOVE 81.48 219.52 35.00
MOVE 81.48 222.24 35.00
MOVE 82.38 223.14 35.00
MOVE 82.38 224.95 35.00
MOVE 83.29 225.86 35.00
MOVE 84.19 224.95 35.00
MOVE 84.19 221.33 35.00
MOVE 83.29 220.43 35.00
MOVE 83.29 218.62 35.00
MOVE 81.48 216.81 35.00
MOVE 81.48 215.90 35.00
MOVE 80.57 215.00 35.00
MOVE 80.57 212.29 35.00
MOVE 79.67 211.38 35.00
MOVE 79.67 210.48 35.00
MOVE 78.76 209.57 35.00
MOVE 77.86 210.48 35.00
MOVE 77.86 214.10 35.00
MOVE 78.76 215.00 35.00
MOVE 78.76 215.90 35.00
MOVE 77.86 216.81 35.00
MOVE 77.86 225.86 35.00
MOVE 78.76 226.76 35.00
MOVE 79.67 225.86 35.00
MOVE 79.67 220.43 35.00
MOVE 79.67 226.76 35.00
MOVE 77.86 226.76 35.00
MOVE 77.86 216.81 35.00
MOVE 78.76 215.90 35.00
MOVE 78.76 215.00 35.00
MOVE 77.86 214.10 35.00
MOVE 77.86 209.57 35.00
PEN_UP
MOVE 74.24 208.67 60.00
PEN_DOWN
MOVE 76.05 210.48 35.00
MOVE 76.05 213.19 35.00
MOVE 76.05 211.38 35.00
MOVE 73.33 208.67 35.00
MOVE 72.43 209.57 35.00
MOVE 71.52 209.57 35.00
MOVE 69.71 211.38 35.00
MOVE 69.71 213.19 35.00
MOVE 68.81 214.10 35.00
MOVE 68.81 222.24 35.00
MOVE 69.71 223.14 35.00
MOVE 69.71 224.05 35.00
MOVE 72.43 226.76 35.00
MOVE 73.33 226.76 35.00
MOVE 76.05 224.05 35.00
MOVE 76.05 223.14 35.00
MOVE 76.05 224.95 35.00
MOVE 74.24 226.76 35.00
MOVE 71.52 226.76 35.00
MOVE 70.62 225.86 35.00
MOVE 70.62 224.95 35.00
MOVE 69.71 224.05 35.00
MOVE 69.71 223.14 35.00
MOVE 68.81 222.24 35.00
MOVE 68.81 214.10 35.00
MOVE 69.71 213.19 35.00
MOVE 69.71 211.38 35.00
MOVE 70.62 210.48 35.00
MOVE 70.62 209.57 35.00
MOVE 72.43 209.57 35.00
MOVE 73.33 208.67 35.00
PEN_UP
MOVE 73.33 212.29 60.00
PEN_DOWN
MOVE 74.24 212.29 35.00
MOVE 74.24 215.00 35.00
MOVE 75.14 215.90 35.00
MOVE 75.14 220.43 35.00
MOVE 74.24 221.33 35.00
MOVE 74.24 223.14 35.00
MOVE 73.33 224.05 35.00
MOVE 72.43 224.05 35.00
MOVE 71.52 223.14 35.00
MOVE 71.52 221.33 35.00
MOVE 70.62 220.43 35.00
MOVE 70.62 215.90 35.00
MOVE 71.52 215.00 35.00
MOVE 71.52 213.19 35.00
MOVE 72.43 212.29 35.00
PEN_UP
MOVE 71.52 213.19 60.00
PEN_DOWN
MOVE 72.43 212.29 35.00
MOVE 73.33 212.29 35.00
MOVE 74.24 213.19 35.00
MOVE 74.24 215.00 35.00
MOVE 75.14 215.90 35.00
MOVE 75.14 220.43 35.00
MOVE 74.24 221.33 35.00
MOVE 74.24 222.24 35.00
MOVE 73.33 223.14 35.00
MOVE 72.43 223.14 35.00
MOVE 71.52 222.24 35.00
MOVE 71.52 221.33 35.00
MOVE 70.62 220.43 35.00
MOVE 70.62 215.90 35.00
MOVE 71.52 215.00 35.00
MOVE 71.52 214.10 35.00
PEN_UP
MOVE 64.29 209.57 60.00
PEN_DOWN
MOVE 65.19 208.67 35.00
MOVE 65.19 223.14 35.00
MOVE 66.10 224.05 35.00
MOVE 67.00 224.05 35.00
MOVE 67.90 224.95 35.00
MOVE 67.90 226.76 35.00
MOVE 64.29 226.76 35.00
MOVE 64.29 225.86 35.00
MOVE 63.38 224.95 35.00
MOVE 63.38 208.67 35.00
PEN_UP
MOVE 63.38 210.48 60.00
PEN_DOWN
MOVE 64.29 209.57 35.00
MOVE 65.19 210.48 35.00
MOVE 65.19 224.05 35.00
MOVE 67.00 224.05 35.00
MOVE 67.90 224.95 35.00
MOVE 67.90 225.86 35.00
MOVE 67.00 226.76 35.00
MOVE 65.19 226.76 35.00
MOVE 63.38 224.95 35.00
MOVE 63.38 211.38 35.00
PEN_UP